Error: didnt delete queue
Error: didnt delete SimRuns
('Current working directory is:', '/home/cgmaras/Python/CameronRL')
('Current working directory is:', '/home/cgmaras/Python/CameronRL')
Started input gen...
Finished input gen...
/home/cgmaras/Python/CameronRL
('The files contained in Queue are: ', ['new_core1.inp'])
Submitted batch job 2919054
Error: didnt delete Outputs
starting output read
test
Starting output...
while after
['new_core1.out']


new_core1.out
 EFPD     Boron(ppm)     Fdh           Fq
  0.0     1348.8         2.035         2.765
 13.0     1336.5         2.549         3.874
 25.9     1395.2         2.974           4.3
 51.9     1359.1          2.54         3.081
103.7     1160.6         1.905         2.121
155.6      941.3         1.645         1.834
207.4      724.1         1.503         1.683
259.3      513.9         1.412         1.576
311.1      312.8         1.345         1.533
363.0      120.3         1.314         1.506
393.8       10.0         1.304          1.49
 
 
-------------------------- Fdh ---------------------------
[[ 2.974  2.895  1.928  1.392  1.09   1.19   0.954  0.675]
 [ 2.895  2.741  2.05   1.363  1.205  0.932  0.856  0.664]
 [ 1.928  2.044  1.57   1.401  1.007  0.994  0.921    nan]
 [ 1.392  1.362  1.4    1.021  1.022  1.058  0.788    nan]
 [ 1.09   1.204  1.007  1.022  0.783  0.84     nan    nan]
 [ 1.19   0.932  0.994  1.058  0.84     nan    nan    nan]
 [ 0.954  0.856  0.921  0.787    nan    nan    nan    nan]
 [ 0.675  0.664    nan    nan    nan    nan    nan    nan]]
 
 
[  0.      0.5     1.      2.      4.      6.      8.     10.     12.     14.
  15.188]
[   0.    13.    25.9   51.9  103.7  155.6  207.4  259.3  311.1  363.
  393.8]
[ 2.63   3.669  4.116  2.95   2.034  1.759  1.616  1.516  1.475  1.451
  1.436]
[ 2.765  3.874  4.3    3.081  2.121  1.834  1.683  1.576  1.533  1.506
  1.49 ]
[ 2.035  2.549  2.974  2.54   1.905  1.645  1.503  1.412  1.345  1.314
  1.304]
[ 1348.8  1336.5  1395.2  1359.1  1160.6   941.3   724.1   513.9   312.8
   120.3    10. ]
after first set up
('Current working directory is:', '/home/cgmaras/Python/CameronRL')
('Current working directory is:', '/home/cgmaras/Python/CameronRL')
Started input gen...
Finished input gen...
/home/cgmaras/Python/CameronRL
('The files contained in Queue are: ', ['new_core1.inp'])
Submitted batch job 2919055
starting output read
test
Starting output...
while after
['new_core1.out']


new_core1.out
 EFPD     Boron(ppm)     Fdh           Fq
  0.0     1348.8         2.035         2.765
 13.0     1336.5         2.549         3.874
 25.9     1395.2         2.974           4.3
 51.9     1359.1          2.54         3.081
103.7     1160.6         1.905         2.121
155.6      941.3         1.645         1.834
207.4      724.1         1.503         1.683
259.3      513.9         1.412         1.576
311.1      312.8         1.345         1.533
363.0      120.3         1.314         1.506
393.8       10.0         1.304          1.49
 
 
-------------------------- Fdh ---------------------------
[[ 2.974  2.895  1.928  1.392  1.09   1.19   0.954  0.675]
 [ 2.895  2.741  2.05   1.363  1.205  0.932  0.856  0.664]
 [ 1.928  2.044  1.57   1.401  1.007  0.994  0.921    nan]
 [ 1.392  1.362  1.4    1.021  1.022  1.058  0.788    nan]
 [ 1.09   1.204  1.007  1.022  0.783  0.84     nan    nan]
 [ 1.19   0.932  0.994  1.058  0.84     nan    nan    nan]
 [ 0.954  0.856  0.921  0.787    nan    nan    nan    nan]
 [ 0.675  0.664    nan    nan    nan    nan    nan    nan]]
 
 
[  0.      0.5     1.      2.      4.      6.      8.     10.     12.     14.
  15.188]
[   0.    13.    25.9   51.9  103.7  155.6  207.4  259.3  311.1  363.
  393.8]
[ 2.63   3.669  4.116  2.95   2.034  1.759  1.616  1.516  1.475  1.451
  1.436]
[ 2.765  3.874  4.3    3.081  2.121  1.834  1.683  1.576  1.533  1.506
  1.49 ]
[ 2.035  2.549  2.974  2.54   1.905  1.645  1.503  1.412  1.345  1.314
  1.304]
[ 1348.8  1336.5  1395.2  1359.1  1160.6   941.3   724.1   513.9   312.8
   120.3    10. ]
('Current working directory is:', '/home/cgmaras/Python/CameronRL')
('Current working directory is:', '/home/cgmaras/Python/CameronRL')
Started input gen...
Finished input gen...
/home/cgmaras/Python/CameronRL
('The files contained in Queue are: ', ['new_core1.inp'])
Submitted batch job 2919056
starting output read
test
Starting output...
while after
['new_core1.out']


new_core1.out
 EFPD     Boron(ppm)     Fdh           Fq
  0.0     1344.7         2.015         2.734
 13.0     1319.9         2.336         3.374
 25.9     1370.9          2.56         3.664
 51.9     1343.0         2.231         2.762
103.7     1149.7         1.766         1.987
155.6      931.4         1.563         1.759
207.4      714.9         1.453         1.643
259.3      505.3         1.382         1.561
311.1      304.7         1.329         1.529
363.0      112.6         1.312         1.503
391.7       10.0         1.303         1.488
 
 
-------------------------- Fdh ---------------------------
[[ 2.152  2.56   1.785  1.346  1.104  1.237  1.011  0.722]
 [ 2.56   2.439  1.912  1.327  1.218  0.974  0.907  0.71 ]
 [ 1.785  1.907  1.498  1.374  1.033  1.039  0.973    nan]
 [ 1.346  1.326  1.373  1.038  1.057  1.108  0.832    nan]
 [ 1.104  1.218  1.033  1.057  0.821  0.884    nan    nan]
 [ 1.237  0.974  1.039  1.108  0.884    nan    nan    nan]
 [ 1.011  0.907  0.973  0.832    nan    nan    nan    nan]
 [ 0.722  0.71     nan    nan    nan    nan    nan    nan]]
 
 
[  0.      0.5     1.      2.      4.      6.      8.     10.     12.     14.
  15.107]
[   0.    13.    25.9   51.9  103.7  155.6  207.4  259.3  311.1  363.
  391.7]
[ 2.592  3.22   3.505  2.645  1.905  1.688  1.577  1.497  1.472  1.449
  1.435]
[ 2.734  3.374  3.664  2.762  1.987  1.759  1.643  1.561  1.529  1.503
  1.488]
[ 2.015  2.336  2.56   2.231  1.766  1.563  1.453  1.382  1.329  1.312
  1.303]
[ 1344.7  1319.9  1370.9  1343.   1149.7   931.4   714.9   505.3   304.7
   112.6    10. ]
New state: (2, 5, 6, 6) , New Reward: -3.47449163449
1
('Current working directory is:', '/home/cgmaras/Python/CameronRL')
('Current working directory is:', '/home/cgmaras/Python/CameronRL')
Started input gen...
Finished input gen...
/home/cgmaras/Python/CameronRL
('The files contained in Queue are: ', ['new_core1.inp'])
Submitted batch job 2919057
starting output read
test
Starting output...
while after
['new_core1.out']


new_core1.out
 EFPD     Boron(ppm)     Fdh           Fq
  0.0     1415.5         2.756          3.74
 13.0     1369.3         2.833         3.937
 25.9     1382.7         2.678         3.579
 51.9     1339.8         2.161         2.635
103.7     1148.3         1.698         1.887
155.6      931.2         1.521         1.688
207.4      714.8         1.425         1.598
259.3      505.4         1.363         1.557
311.2      304.9         1.331         1.531
363.0      112.9         1.314         1.505
391.8       10.0         1.304         1.489
 
 
-------------------------- Fdh ---------------------------
[[ 2.366  2.833  1.939  1.415  1.096  1.177  0.927  0.664]
 [ 2.833  2.743  2.092  1.377  1.219  0.924  0.851  0.659]
 [ 1.939  2.079  1.594  1.387  0.994  1.012  0.944    nan]
 [ 1.415  1.375  1.386  0.978  1.02   1.092  0.824    nan]
 [ 1.096  1.218  0.993  1.02   0.8    0.877    nan    nan]
 [ 1.177  0.923  1.012  1.092  0.877    nan    nan    nan]
 [ 0.927  0.851  0.944  0.824    nan    nan    nan    nan]
 [ 0.664  0.659    nan    nan    nan    nan    nan    nan]]
 
 
[  0.     0.5    1.     2.     4.     6.     8.    10.    12.    14.    15.11]
[   0.    13.    25.9   51.9  103.7  155.6  207.4  259.3  311.2  363.
  391.8]
[ 3.569  3.759  3.431  2.528  1.811  1.62   1.535  1.497  1.474  1.45
  1.436]
[ 3.74   3.937  3.579  2.635  1.887  1.688  1.598  1.557  1.531  1.505
  1.489]
[ 2.756  2.833  2.678  2.161  1.698  1.521  1.425  1.363  1.331  1.314
  1.304]
[ 1415.5  1369.3  1382.7  1339.8  1148.3   931.2   714.8   505.4   304.9
   112.9    10. ]
New state: (2, 5, 6, 5) , New Reward: -3.78895109395
2
('Current working directory is:', '/home/cgmaras/Python/CameronRL')
('Current working directory is:', '/home/cgmaras/Python/CameronRL')
Started input gen...
Finished input gen...
/home/cgmaras/Python/CameronRL
('The files contained in Queue are: ', ['new_core1.inp'])
Submitted batch job 2919058
starting output read
test
Starting output...
while after
['new_core1.out']


new_core1.out
 EFPD     Boron(ppm)     Fdh           Fq
  0.0     1388.2         2.375         3.235
 13.0     1341.4         2.455         3.441
 25.9     1361.4         2.387          3.24
 51.9     1326.3         1.993          2.45
103.7     1137.2         1.629          1.84
155.6      920.8         1.486         1.671
207.4      704.9         1.406         1.592
259.3      496.0         1.352         1.554
311.2      296.0         1.331         1.529
363.0      104.4         1.313         1.503
389.4       10.0         1.304         1.489
 
 
-------------------------- Fdh ---------------------------
[[ 2.063  2.455  1.771  1.354  1.109  1.227  0.985  0.712]
 [ 2.455  2.442  1.923  1.329  1.227  0.968  0.905  0.707]
 [ 1.771  1.921  1.506  1.35   1.022  1.064  1.004    nan]
 [ 1.354  1.329  1.351  0.995  1.064  1.151  0.876    nan]
 [ 1.109  1.227  1.022  1.064  0.845  0.93     nan    nan]
 [ 1.227  0.968  1.065  1.151  0.93     nan    nan    nan]
 [ 0.985  0.905  1.004  0.876    nan    nan    nan    nan]
 [ 0.712  0.707    nan    nan    nan    nan    nan    nan]]
 
 
[  0.      0.5     1.      2.      4.      6.      8.     10.     12.     14.
  15.019]
[   0.    13.    25.9   51.9  103.7  155.6  207.4  259.3  311.2  363.
  389.4]
[ 3.098  3.267  3.126  2.388  1.775  1.607  1.528  1.496  1.473  1.448
  1.435]
[ 3.235  3.441  3.24   2.45   1.84   1.671  1.592  1.554  1.529  1.503
  1.489]
[ 2.375  2.455  2.387  1.993  1.629  1.486  1.406  1.352  1.331  1.313
  1.304]
[ 1388.2  1341.4  1361.4  1326.3  1137.2   920.8   704.9   496.    296.
   104.4    10. ]
New state: (2, 3, 6, 5) , New Reward: -3.29735521236
3
('Current working directory is:', '/home/cgmaras/Python/CameronRL')
('Current working directory is:', '/home/cgmaras/Python/CameronRL')
Started input gen...
Finished input gen...
/home/cgmaras/Python/CameronRL
('The files contained in Queue are: ', ['new_core1.inp'])
Submitted batch job 2919059
starting output read
test
Starting output...
while after
['new_core1.out']


new_core1.out
 EFPD     Boron(ppm)     Fdh           Fq
  0.0     1415.5         2.756          3.74
 13.0     1369.3         2.833         3.937
 25.9     1382.7         2.678         3.579
 51.9     1339.8         2.161         2.635
103.7     1148.3         1.698         1.887
155.6      931.2         1.521         1.688
207.4      714.8         1.425         1.598
259.3      505.4         1.363         1.557
311.2      304.9         1.331         1.531
363.0      112.9         1.314         1.505
391.8       10.0         1.304         1.489
 
 
-------------------------- Fdh ---------------------------
[[ 2.366  2.833  1.939  1.415  1.096  1.177  0.927  0.664]
 [ 2.833  2.743  2.092  1.377  1.219  0.924  0.851  0.659]
 [ 1.939  2.079  1.594  1.387  0.994  1.012  0.944    nan]
 [ 1.415  1.375  1.386  0.978  1.02   1.092  0.824    nan]
 [ 1.096  1.218  0.993  1.02   0.8    0.877    nan    nan]
 [ 1.177  0.923  1.012  1.092  0.877    nan    nan    nan]
 [ 0.927  0.851  0.944  0.824    nan    nan    nan    nan]
 [ 0.664  0.659    nan    nan    nan    nan    nan    nan]]
 
 
[  0.     0.5    1.     2.     4.     6.     8.    10.    12.    14.    15.11]
[   0.    13.    25.9   51.9  103.7  155.6  207.4  259.3  311.2  363.
  391.8]
[ 3.569  3.759  3.431  2.528  1.811  1.62   1.535  1.497  1.474  1.45
  1.436]
[ 3.74   3.937  3.579  2.635  1.887  1.688  1.598  1.557  1.531  1.505
  1.489]
[ 2.756  2.833  2.678  2.161  1.698  1.521  1.425  1.363  1.331  1.314
  1.304]
[ 1415.5  1369.3  1382.7  1339.8  1148.3   931.2   714.8   505.4   304.9
   112.9    10. ]
New state: (2, 5, 6, 5) , New Reward: -3.78895109395
4
('Current working directory is:', '/home/cgmaras/Python/CameronRL')
('Current working directory is:', '/home/cgmaras/Python/CameronRL')
Started input gen...
Finished input gen...
/home/cgmaras/Python/CameronRL
('The files contained in Queue are: ', ['new_core1.inp'])
Submitted batch job 2919060
starting output read
test
Starting output...
while after
['new_core1.out']


new_core1.out
 EFPD     Boron(ppm)     Fdh           Fq
  0.0     1468.1          3.45         4.587
 13.0     1389.5         3.095         4.111
 25.9     1383.7         2.703         3.515
 51.9     1337.7         2.117          2.59
103.7     1147.7         1.662         1.843
155.6      930.9         1.496         1.659
207.4      715.0         1.407         1.584
259.3      505.4          1.35         1.559
311.2      304.9         1.332         1.532
363.0      113.0         1.315         1.505
391.8       10.0         1.305          1.49
 
 
-------------------------- Fdh ---------------------------
[[ 2.823  3.45   2.195  1.515  1.079  1.098  0.829  0.586]
 [ 3.45   3.254  2.369  1.454  1.213  0.853  0.772  0.585]
 [ 2.195  2.369  1.737  1.422  0.939  0.944  0.868    nan]
 [ 1.515  1.454  1.422  0.921  0.949  1.021  0.764    nan]
 [ 1.079  1.213  0.939  0.949  0.739  0.816    nan    nan]
 [ 1.098  0.853  0.944  1.021  0.816    nan    nan    nan]
 [ 0.829  0.772  0.868  0.764    nan    nan    nan    nan]
 [ 0.586  0.585    nan    nan    nan    nan    nan    nan]]
 
 
[  0.      0.5     1.      2.      4.      6.      8.     10.     12.     14.
  15.111]
[   0.    13.    25.9   51.9  103.7  155.6  207.4  259.3  311.2  363.
  391.8]
[ 4.313  3.916  3.374  2.49   1.774  1.594  1.521  1.498  1.475  1.45
  1.436]
[ 4.587  4.111  3.515  2.59   1.843  1.659  1.584  1.559  1.532  1.505
  1.49 ]
[ 3.45   3.095  2.703  2.117  1.662  1.496  1.407  1.35   1.332  1.315
  1.305]
[ 1468.1  1389.5  1383.7  1337.7  1147.7   930.9   715.    505.4   304.9
   113.     10. ]
New state: (2, 5, 5, 5) , New Reward: -4.51536679537
5
1
Best State
(2, 3, 6, 5)
()
('Current working directory is:', '/home/cgmaras/Python/CameronRL')
('Current working directory is:', '/home/cgmaras/Python/CameronRL')
Started input gen...
Finished input gen...
/home/cgmaras/Python/CameronRL
('The files contained in Queue are: ', ['new_core1.inp'])
Submitted batch job 2919061
starting output read
test
Starting output...
while after
['new_core1.out']


new_core1.out
 EFPD     Boron(ppm)     Fdh           Fq
  0.0     1348.8         2.035         2.765
 13.0     1336.5         2.549         3.874
 25.9     1395.2         2.974           4.3
 51.9     1359.1          2.54         3.081
103.7     1160.6         1.905         2.121
155.6      941.3         1.645         1.834
207.4      724.1         1.503         1.683
259.3      513.9         1.412         1.576
311.1      312.8         1.345         1.533
363.0      120.3         1.314         1.506
393.8       10.0         1.304          1.49
 
 
-------------------------- Fdh ---------------------------
[[ 2.974  2.895  1.928  1.392  1.09   1.19   0.954  0.675]
 [ 2.895  2.741  2.05   1.363  1.205  0.932  0.856  0.664]
 [ 1.928  2.044  1.57   1.401  1.007  0.994  0.921    nan]
 [ 1.392  1.362  1.4    1.021  1.022  1.058  0.788    nan]
 [ 1.09   1.204  1.007  1.022  0.783  0.84     nan    nan]
 [ 1.19   0.932  0.994  1.058  0.84     nan    nan    nan]
 [ 0.954  0.856  0.921  0.787    nan    nan    nan    nan]
 [ 0.675  0.664    nan    nan    nan    nan    nan    nan]]
 
 
[  0.      0.5     1.      2.      4.      6.      8.     10.     12.     14.
  15.188]
[   0.    13.    25.9   51.9  103.7  155.6  207.4  259.3  311.1  363.
  393.8]
[ 2.63   3.669  4.116  2.95   2.034  1.759  1.616  1.516  1.475  1.451
  1.436]
[ 2.765  3.874  4.3    3.081  2.121  1.834  1.683  1.576  1.533  1.506
  1.49 ]
[ 2.035  2.549  2.974  2.54   1.905  1.645  1.503  1.412  1.345  1.314
  1.304]
[ 1348.8  1336.5  1395.2  1359.1  1160.6   941.3   724.1   513.9   312.8
   120.3    10. ]
('Current working directory is:', '/home/cgmaras/Python/CameronRL')
('Current working directory is:', '/home/cgmaras/Python/CameronRL')
Started input gen...
Finished input gen...
/home/cgmaras/Python/CameronRL
('The files contained in Queue are: ', ['new_core1.inp'])
Submitted batch job 2919062
starting output read
test
Starting output...
while after
['new_core1.out']


new_core1.out
 EFPD     Boron(ppm)     Fdh           Fq
  0.0     1329.8         1.673         2.283
 13.0     1306.3          2.11         3.141
 25.9     1368.0         2.595         3.896
 51.9     1343.8         2.369         2.964
103.7     1149.5         1.854         2.099
155.6      930.9         1.621         1.836
207.4      714.3         1.492          1.69
259.3      504.6         1.408         1.587
311.1      303.9         1.345         1.529
363.0      111.8         1.312         1.504
391.5       10.0         1.303         1.489
 
 
-------------------------- Fdh ---------------------------
[[ 2.595  2.508  1.758  1.333  1.104  1.244  1.021  0.731]
 [ 2.508  2.439  1.878  1.315  1.217  0.98   0.916  0.718]
 [ 1.758  1.883  1.482  1.364  1.035  1.044  0.981    nan]
 [ 1.333  1.317  1.365  1.038  1.061  1.114  0.838    nan]
 [ 1.104  1.218  1.035  1.061  0.825  0.889    nan    nan]
 [ 1.244  0.98   1.045  1.114  0.889    nan    nan    nan]
 [ 1.021  0.916  0.981  0.838    nan    nan    nan    nan]
 [ 0.731  0.718    nan    nan    nan    nan    nan    nan]]
 
 
[  0.      0.5     1.      2.      4.      6.      8.     10.     12.     14.
  15.098]
[   0.    13.    25.9   51.9  103.7  155.6  207.4  259.3  311.1  363.
  391.5]
[ 2.111  2.984  3.739  2.843  2.014  1.763  1.624  1.527  1.473  1.449
  1.436]
[ 2.283  3.141  3.896  2.964  2.099  1.836  1.69   1.587  1.529  1.504
  1.489]
[ 1.673  2.11   2.595  2.369  1.854  1.621  1.492  1.408  1.345  1.312
  1.303]
[ 1329.8  1306.3  1368.   1343.8  1149.5   930.9   714.3   504.6   303.9
   111.8    10. ]
New state: (6, 3, 6, 6) , New Reward: -3.60861647362
1
('Current working directory is:', '/home/cgmaras/Python/CameronRL')
('Current working directory is:', '/home/cgmaras/Python/CameronRL')
Started input gen...
Finished input gen...
/home/cgmaras/Python/CameronRL
('The files contained in Queue are: ', ['new_core1.inp'])
Submitted batch job 2919064
starting output read
test
Starting output...
while after
['new_core1.out']


new_core1.out
 EFPD     Boron(ppm)     Fdh           Fq
  0.0     1315.5         1.538         2.115
 13.0     1284.3         1.819         2.669
 25.9     1344.7          2.28         3.447
 51.9     1331.0          2.22         2.861
103.7     1140.5         1.809         2.093
155.6      922.7         1.602         1.837
207.4      706.5         1.486         1.697
259.3      497.4         1.408         1.599
311.1      297.1          1.35         1.526
363.0      105.5         1.311         1.501
389.7       10.0         1.302         1.488
 
 
-------------------------- Fdh ---------------------------
[[ 2.28   2.22   1.608  1.284  1.117  1.29   1.079  0.779]
 [ 2.22   2.189  1.731  1.272  1.231  1.021  0.968  0.765]
 [ 1.608  1.744  1.412  1.33   1.058  1.088  1.033    nan]
 [ 1.284  1.275  1.333  1.052  1.096  1.161  0.881    nan]
 [ 1.117  1.232  1.059  1.096  0.861  0.93     nan    nan]
 [ 1.29   1.022  1.089  1.161  0.931    nan    nan    nan]
 [ 1.079  0.968  1.033  0.881    nan    nan    nan    nan]
 [ 0.779  0.765    nan    nan    nan    nan    nan    nan]]
 
 
[  0.     0.5    1.     2.     4.     6.     8.    10.    12.    14.    15.03]
[   0.    13.    25.9   51.9  103.7  155.6  207.4  259.3  311.1  363.
  389.7]
[ 1.866  2.507  3.319  2.75   2.01   1.765  1.631  1.539  1.471  1.447
  1.434]
[ 2.115  2.669  3.447  2.861  2.093  1.837  1.697  1.599  1.526  1.501
  1.488]
[ 1.538  1.819  2.28   2.22   1.809  1.602  1.486  1.408  1.35   1.311
  1.302]
[ 1315.5  1284.3  1344.7  1331.   1140.5   922.7   706.5   497.4   297.1
   105.5    10. ]
New state: (6, 2, 6, 6) , New Reward: -3.18196911197
2
('Current working directory is:', '/home/cgmaras/Python/CameronRL')
('Current working directory is:', '/home/cgmaras/Python/CameronRL')
Started input gen...
Finished input gen...
/home/cgmaras/Python/CameronRL
('The files contained in Queue are: ', ['new_core1.inp'])
Submitted batch job 2919065
starting output read
test
Starting output...
while after
['new_core1.out']


new_core1.out
 EFPD     Boron(ppm)     Fdh           Fq
  0.0     1328.6         1.914         2.596
 13.0     1298.5         2.199         3.162
 25.9     1351.3         2.452         3.551
 51.9     1330.2         2.202         2.766
103.7     1139.8         1.771         2.022
155.6      922.4         1.576          1.79
207.4      706.4         1.465         1.667
259.3      497.3         1.392         1.576
311.1      297.2         1.337         1.527
363.0      105.5         1.312         1.502
389.7       10.0         1.303         1.488
 
 
-------------------------- Fdh ---------------------------
[[ 2.452  2.346  1.653  1.297  1.112  1.275  1.06   0.763]
 [ 2.346  2.296  1.772  1.283  1.226  1.008  0.951  0.75 ]
 [ 1.653  1.786  1.432  1.34   1.05   1.075  1.017    nan]
 [ 1.297  1.287  1.342  1.047  1.086  1.148  0.868    nan]
 [ 1.112  1.227  1.051  1.086  0.851  0.919    nan    nan]
 [ 1.275  1.008  1.076  1.148  0.919    nan    nan    nan]
 [ 1.06   0.952  1.018  0.869    nan    nan    nan    nan]
 [ 0.763  0.75     nan    nan    nan    nan    nan    nan]]
 
 
[  0.      0.5     1.      2.      4.      6.      8.     10.     12.     14.
  15.031]
[   0.    13.    25.9   51.9  103.7  155.6  207.4  259.3  311.1  363.
  389.7]
[ 2.503  3.048  3.425  2.663  1.947  1.723  1.604  1.52   1.471  1.447
  1.434]
[ 2.596  3.162  3.551  2.766  2.022  1.79   1.667  1.576  1.527  1.502
  1.488]
[ 1.914  2.199  2.452  2.202  1.771  1.576  1.465  1.392  1.337  1.312
  1.303]
[ 1328.6  1298.5  1351.3  1330.2  1139.8   922.4   706.4   497.3   297.2
   105.5    10. ]
New state: (5, 2, 6, 6) , New Reward: -3.34770913771
3
('Current working directory is:', '/home/cgmaras/Python/CameronRL')
('Current working directory is:', '/home/cgmaras/Python/CameronRL')
Started input gen...
Finished input gen...
/home/cgmaras/Python/CameronRL
('The files contained in Queue are: ', ['new_core1.inp'])
Submitted batch job 2919066
starting output read
test
Starting output...
while after
['new_core1.out']


new_core1.out
 EFPD     Boron(ppm)     Fdh           Fq
  0.0     1298.3         1.536         2.104
 13.0     1258.8         1.726         2.474
 25.9     1310.3          2.01         2.979
 51.9     1302.3         1.979         2.567
103.7     1117.7         1.701         1.992
155.6      902.0         1.548         1.784
207.4      686.9         1.456         1.677
259.3      478.8         1.394         1.596
311.1      279.6         1.345         1.531
363.0       88.7         1.311           1.5
385.1       10.0         1.304         1.488
 
 
-------------------------- Fdh ---------------------------
[[ 2.01   1.903  1.397  1.208  1.132  1.356  1.165  0.852]
 [ 1.903  1.654  1.513  1.205  1.25   1.081  1.047  0.836]
 [ 1.397  1.524  1.28   1.265  1.088  1.154  1.111    nan]
 [ 1.208  1.208  1.267  1.062  1.145  1.23   0.945    nan]
 [ 1.132  1.251  1.089  1.145  0.913  0.992    nan    nan]
 [ 1.356  1.081  1.154  1.23   0.992    nan    nan    nan]
 [ 1.165  1.047  1.111  0.945    nan    nan    nan    nan]
 [ 0.852  0.836    nan    nan    nan    nan    nan    nan]]
 
 
[  0.      0.5     1.      2.      4.      6.      8.     10.     12.     14.
  14.851]
[   0.    13.    25.9   51.9  103.7  155.6  207.4  259.3  311.1  363.
  385.1]
[ 2.019  2.383  2.873  2.471  1.915  1.717  1.613  1.537  1.477  1.445
  1.435]
[ 2.104  2.474  2.979  2.567  1.992  1.784  1.677  1.596  1.531  1.5    1.488]
[ 1.536  1.726  2.01   1.979  1.701  1.548  1.456  1.394  1.345  1.311
  1.304]
[ 1298.3  1258.8  1310.3  1302.3  1117.7   902.    686.9   478.8   279.6
    88.7    10. ]
New state: (5, 2, 6, 4) , New Reward: -2.77667953668
4
('Current working directory is:', '/home/cgmaras/Python/CameronRL')
('Current working directory is:', '/home/cgmaras/Python/CameronRL')
Started input gen...
Finished input gen...
/home/cgmaras/Python/CameronRL
('The files contained in Queue are: ', ['new_core1.inp'])
Submitted batch job 2919067
starting output read
test
Starting output...
while after
['new_core1.out']


new_core1.out
 EFPD     Boron(ppm)     Fdh           Fq
  0.0     1286.6         1.443         1.968
 13.0     1242.5         1.435         2.061
 25.9     1291.3         1.703          2.58
 51.9     1287.9         1.794         2.357
103.7     1107.2         1.625         1.907
155.6      891.6         1.505         1.743
207.4      677.1          1.43         1.652
259.3      469.4         1.378         1.584
311.1      270.6         1.337         1.528
363.0       80.2         1.311         1.498
382.8       10.0         1.304         1.488
 
 
-------------------------- Fdh ---------------------------
[[ 1.794  1.57   1.304  1.165  1.147  1.397  1.277  0.938]
 [ 1.57   1.546  1.43   1.176  1.246  1.12   1.11   0.904]
 [ 1.304  1.435  1.249  1.271  1.101  1.149  1.118    nan]
 [ 1.165  1.177  1.272  1.099  1.145  1.202  0.927    nan]
 [ 1.147  1.246  1.102  1.145  0.903  0.964    nan    nan]
 [ 1.397  1.12   1.149  1.202  0.964    nan    nan    nan]
 [ 1.277  1.11   1.118  0.927    nan    nan    nan    nan]
 [ 0.938  0.904    nan    nan    nan    nan    nan    nan]]
 
 
[  0.      0.5     1.      2.      4.      6.      8.     10.     12.     14.
  14.762]
[   0.    13.    25.9   51.9  103.7  155.6  207.4  259.3  311.1  363.
  382.8]
[ 1.859  1.995  2.503  2.283  1.841  1.684  1.593  1.528  1.476  1.444
  1.434]
[ 1.968  2.061  2.58   2.357  1.907  1.743  1.652  1.584  1.528  1.498
  1.488]
[ 1.443  1.435  1.703  1.794  1.625  1.505  1.43   1.378  1.337  1.311
  1.304]
[ 1286.6  1242.5  1291.3  1287.9  1107.2   891.6   677.1   469.4   270.6
    80.2    10. ]
New state: (5, 2, 4, 4) , New Reward: -2.44073359073
5
2
Best State
(5, 2, 4, 4)
()
('Current working directory is:', '/home/cgmaras/Python/CameronRL')
('Current working directory is:', '/home/cgmaras/Python/CameronRL')
Started input gen...
Finished input gen...
/home/cgmaras/Python/CameronRL
('The files contained in Queue are: ', ['new_core1.inp'])
Submitted batch job 2919068
starting output read
test
Starting output...
while after
['new_core1.out']


new_core1.out
 EFPD     Boron(ppm)     Fdh           Fq
  0.0     1348.8         2.035         2.765
 13.0     1336.5         2.549         3.874
 25.9     1395.2         2.974           4.3
 51.9     1359.1          2.54         3.081
103.7     1160.6         1.905         2.121
155.6      941.3         1.645         1.834
207.4      724.1         1.503         1.683
259.3      513.9         1.412         1.576
311.1      312.8         1.345         1.533
363.0      120.3         1.314         1.506
393.8       10.0         1.304          1.49
 
 
-------------------------- Fdh ---------------------------
[[ 2.974  2.895  1.928  1.392  1.09   1.19   0.954  0.675]
 [ 2.895  2.741  2.05   1.363  1.205  0.932  0.856  0.664]
 [ 1.928  2.044  1.57   1.401  1.007  0.994  0.921    nan]
 [ 1.392  1.362  1.4    1.021  1.022  1.058  0.788    nan]
 [ 1.09   1.204  1.007  1.022  0.783  0.84     nan    nan]
 [ 1.19   0.932  0.994  1.058  0.84     nan    nan    nan]
 [ 0.954  0.856  0.921  0.787    nan    nan    nan    nan]
 [ 0.675  0.664    nan    nan    nan    nan    nan    nan]]
 
 
[  0.      0.5     1.      2.      4.      6.      8.     10.     12.     14.
  15.188]
[   0.    13.    25.9   51.9  103.7  155.6  207.4  259.3  311.1  363.
  393.8]
[ 2.63   3.669  4.116  2.95   2.034  1.759  1.616  1.516  1.475  1.451
  1.436]
[ 2.765  3.874  4.3    3.081  2.121  1.834  1.683  1.576  1.533  1.506
  1.49 ]
[ 2.035  2.549  2.974  2.54   1.905  1.645  1.503  1.412  1.345  1.314
  1.304]
[ 1348.8  1336.5  1395.2  1359.1  1160.6   941.3   724.1   513.9   312.8
   120.3    10. ]
('Current working directory is:', '/home/cgmaras/Python/CameronRL')
('Current working directory is:', '/home/cgmaras/Python/CameronRL')
Started input gen...
Finished input gen...
/home/cgmaras/Python/CameronRL
('The files contained in Queue are: ', ['new_core1.inp'])
Submitted batch job 2919069
starting output read
test
Starting output...
while after
['new_core1.out']


new_core1.out
 EFPD     Boron(ppm)     Fdh           Fq
  0.0     1338.1         1.841         2.498
 13.0     1318.8         2.275         3.373
 25.9     1380.4         2.665          3.91
 51.9     1351.0         2.347         2.904
103.7     1155.0         1.826         2.047
155.6      936.0         1.598         1.797
207.4      719.0         1.473         1.662
259.3      509.0         1.393         1.567
311.1      308.2         1.334         1.531
363.0      115.9         1.313         1.504
392.6       10.0         1.303         1.489
 
 
-------------------------- Fdh ---------------------------
[[ 2.458  2.665  1.836  1.363  1.099  1.221  0.992  0.706]
 [ 2.665  2.538  1.96   1.34   1.213  0.959  0.89   0.694]
 [ 1.836  1.955  1.522  1.384  1.024  1.023  0.954    nan]
 [ 1.363  1.339  1.383  1.032  1.045  1.09   0.816    nan]
 [ 1.099  1.213  1.023  1.044  0.807  0.867    nan    nan]
 [ 1.221  0.959  1.023  1.09   0.867    nan    nan    nan]
 [ 0.992  0.889  0.954  0.816    nan    nan    nan    nan]
 [ 0.706  0.694    nan    nan    nan    nan    nan    nan]]
 
 
[  0.      0.5     1.      2.      4.      6.      8.     10.     12.     14.
  15.142]
[   0.    13.    25.9   51.9  103.7  155.6  207.4  259.3  311.1  363.
  392.6]
[ 2.4    3.223  3.735  2.769  1.955  1.718  1.593  1.504  1.474  1.45
  1.435]
[ 2.498  3.373  3.91   2.904  2.047  1.797  1.662  1.567  1.531  1.504
  1.489]
[ 1.841  2.275  2.665  2.347  1.826  1.598  1.473  1.393  1.334  1.313
  1.303]
[ 1338.1  1318.8  1380.4  1351.   1155.    936.    719.    509.    308.2
   115.9    10. ]
New state: (4, 5, 6, 6) , New Reward: -3.66258043758
1
('Current working directory is:', '/home/cgmaras/Python/CameronRL')
('Current working directory is:', '/home/cgmaras/Python/CameronRL')
Started input gen...
Finished input gen...
/home/cgmaras/Python/CameronRL
('The files contained in Queue are: ', ['new_core1.inp'])
Submitted batch job 2919070
starting output read
test
Starting output...
while after
['new_core1.out']


new_core1.out
 EFPD     Boron(ppm)     Fdh           Fq
  0.0     1405.3         2.542         3.473
 13.0     1372.5         2.835         4.063
 25.9     1393.1          2.81         3.807
 51.9     1347.3         2.271         2.754
103.7     1153.4         1.754         1.952
155.6      935.4         1.552         1.721
207.4      718.9         1.443         1.616
259.3      509.1         1.372         1.559
311.2      308.3         1.332         1.533
363.0      116.2         1.314         1.506
392.7       10.0         1.304          1.49
 
 
-------------------------- Fdh ---------------------------
[[ 2.533  2.835  1.955  1.42   1.095  1.172  0.921  0.659]
 [ 2.835  2.775  2.108  1.382  1.218  0.919  0.845  0.654]
 [ 1.955  2.095  1.603  1.391  0.991  1.007  0.938    nan]
 [ 1.42   1.38   1.39   0.977  1.015  1.086  0.818    nan]
 [ 1.095  1.218  0.99   1.015  0.795  0.871    nan    nan]
 [ 1.172  0.919  1.006  1.085  0.871    nan    nan    nan]
 [ 0.921  0.845  0.938  0.818    nan    nan    nan    nan]
 [ 0.659  0.654    nan    nan    nan    nan    nan    nan]]
 
 
[  0.      0.5     1.      2.      4.      6.      8.     10.     12.     14.
  15.145]
[   0.    13.    25.9   51.9  103.7  155.6  207.4  259.3  311.2  363.
  392.7]
[ 3.321  3.888  3.637  2.632  1.868  1.647  1.549  1.498  1.475  1.451
  1.436]
[ 3.473  4.063  3.807  2.754  1.952  1.721  1.616  1.559  1.533  1.506
  1.49 ]
[ 2.542  2.835  2.81   2.271  1.754  1.552  1.443  1.372  1.332  1.314
  1.304]
[ 1405.3  1372.5  1393.1  1347.3  1153.4   935.4   718.9   509.1   308.3
   116.2    10. ]
New state: (4, 5, 6, 5) , New Reward: -3.8503024453
2
('Current working directory is:', '/home/cgmaras/Python/CameronRL')
('Current working directory is:', '/home/cgmaras/Python/CameronRL')
Started input gen...
Finished input gen...
/home/cgmaras/Python/CameronRL
('The files contained in Queue are: ', ['new_core1.inp'])
Submitted batch job 2919071
starting output read
test
Starting output...
while after
['new_core1.out']


new_core1.out
 EFPD     Boron(ppm)     Fdh           Fq
  0.0     1338.1         1.841         2.498
 13.0     1318.8         2.275         3.373
 25.9     1380.4         2.665          3.91
 51.9     1351.0         2.347         2.904
103.7     1155.0         1.826         2.047
155.6      936.0         1.598         1.797
207.4      719.0         1.473         1.662
259.3      509.0         1.393         1.567
311.1      308.2         1.334         1.531
363.0      115.9         1.313         1.504
392.6       10.0         1.303         1.489
 
 
-------------------------- Fdh ---------------------------
[[ 2.458  2.665  1.836  1.363  1.099  1.221  0.992  0.706]
 [ 2.665  2.538  1.96   1.34   1.213  0.959  0.89   0.694]
 [ 1.836  1.955  1.522  1.384  1.024  1.023  0.954    nan]
 [ 1.363  1.339  1.383  1.032  1.045  1.09   0.816    nan]
 [ 1.099  1.213  1.023  1.044  0.807  0.867    nan    nan]
 [ 1.221  0.959  1.023  1.09   0.867    nan    nan    nan]
 [ 0.992  0.889  0.954  0.816    nan    nan    nan    nan]
 [ 0.706  0.694    nan    nan    nan    nan    nan    nan]]
 
 
[  0.      0.5     1.      2.      4.      6.      8.     10.     12.     14.
  15.142]
[   0.    13.    25.9   51.9  103.7  155.6  207.4  259.3  311.1  363.
  392.6]
[ 2.4    3.223  3.735  2.769  1.955  1.718  1.593  1.504  1.474  1.45
  1.435]
[ 2.498  3.373  3.91   2.904  2.047  1.797  1.662  1.567  1.531  1.504
  1.489]
[ 1.841  2.275  2.665  2.347  1.826  1.598  1.473  1.393  1.334  1.313
  1.303]
[ 1338.1  1318.8  1380.4  1351.   1155.    936.    719.    509.    308.2
   115.9    10. ]
New state: (4, 5, 6, 6) , New Reward: -3.66258043758
3
('Current working directory is:', '/home/cgmaras/Python/CameronRL')
('Current working directory is:', '/home/cgmaras/Python/CameronRL')
Started input gen...
Finished input gen...
/home/cgmaras/Python/CameronRL
('The files contained in Queue are: ', ['new_core1.inp'])
Submitted batch job 2919072
starting output read
test
Starting output...
while after
['new_core1.out']


new_core1.out
 EFPD     Boron(ppm)     Fdh           Fq
  0.0     1320.6         1.602         2.191
 13.0     1291.9         1.903         2.793
 25.9     1355.1         2.334         3.485
 51.9     1336.0          2.17         2.745
103.7     1143.9          1.75         2.005
155.6      925.7         1.558         1.777
207.4      709.2         1.453         1.656
259.3      499.7         1.383         1.572
311.1      299.3         1.332         1.528
363.0      107.5         1.312         1.502
390.3       10.0         1.303         1.488
 
 
-------------------------- Fdh ---------------------------
[[ 2.136  2.334  1.673  1.308  1.113  1.271  1.055  0.759]
 [ 2.334  2.254  1.811  1.296  1.227  1.005  0.946  0.745]
 [ 1.673  1.795  1.444  1.349  1.05   1.071  1.011    nan]
 [ 1.308  1.293  1.347  1.047  1.082  1.141  0.863    nan]
 [ 1.113  1.227  1.049  1.082  0.846  0.913    nan    nan]
 [ 1.271  1.004  1.07   1.141  0.913    nan    nan    nan]
 [ 1.055  0.946  1.011  0.862    nan    nan    nan    nan]
 [ 0.759  0.745    nan    nan    nan    nan    nan    nan]]
 
 
[  0.      0.5     1.      2.      4.      6.      8.     10.     12.     14.
  15.052]
[   0.    13.    25.9   51.9  103.7  155.6  207.4  259.3  311.1  363.
  390.3]
[ 2.14   2.714  3.364  2.657  1.943  1.715  1.593  1.509  1.472  1.448
  1.435]
[ 2.191  2.793  3.485  2.745  2.005  1.777  1.656  1.572  1.528  1.502
  1.488]
[ 1.602  1.903  2.334  2.17   1.75   1.558  1.453  1.383  1.332  1.312
  1.303]
[ 1320.6  1291.9  1355.1  1336.   1143.9   925.7   709.2   499.7   299.3
   107.5    10. ]
New state: (4, 5, 4, 6) , New Reward: -3.23655083655
4
('Current working directory is:', '/home/cgmaras/Python/CameronRL')
('Current working directory is:', '/home/cgmaras/Python/CameronRL')
Started input gen...
Finished input gen...
/home/cgmaras/Python/CameronRL
('The files contained in Queue are: ', ['new_core1.inp'])
Submitted batch job 2919073
starting output read
test
Starting output...
while after
['new_core1.out']


new_core1.out
 EFPD     Boron(ppm)     Fdh           Fq
  0.0     1290.3         1.438         1.962
 13.0     1250.0         1.421          2.04
 25.9     1313.2         1.729          2.77
 51.9     1321.3         1.995         2.701
103.7     1134.0         1.744         2.067
155.6      915.9         1.566          1.82
207.4      699.6         1.461         1.685
259.3      490.5         1.393         1.595
311.1      290.4         1.341         1.526
363.0       98.9          1.31           1.5
387.9       10.0         1.302         1.487
 
 
-------------------------- Fdh ---------------------------
[[ 1.87   1.845  1.495  1.229  1.115  1.335  1.198  0.871]
 [ 1.845  1.995  1.629  1.231  1.225  1.065  1.04   0.841]
 [ 1.495  1.629  1.361  1.313  1.074  1.092  1.051    nan]
 [ 1.229  1.231  1.313  1.086  1.101  1.142  0.871    nan]
 [ 1.115  1.225  1.074  1.101  0.858  0.911    nan    nan]
 [ 1.335  1.065  1.092  1.142  0.911    nan    nan    nan]
 [ 1.198  1.04   1.051  0.871    nan    nan    nan    nan]
 [ 0.871  0.841    nan    nan    nan    nan    nan    nan]]
 
 
[  0.     0.5    1.     2.     4.     6.     8.    10.    12.    14.    14.96]
[   0.    13.    25.9   51.9  103.7  155.6  207.4  259.3  311.1  363.
  387.9]
[ 1.853  1.868  2.648  2.594  1.982  1.744  1.618  1.533  1.469  1.445
  1.433]
[ 1.962  2.04   2.77   2.701  2.067  1.82   1.685  1.595  1.526  1.5    1.487]
[ 1.438  1.421  1.729  1.995  1.744  1.566  1.461  1.393  1.341  1.31
  1.302]
[ 1290.3  1250.   1313.2  1321.3  1134.    915.9   699.6   490.5   290.4
    98.9    10. ]
New state: (4, 4, 4, 6) , New Reward: -2.66702059202
5
3
Best State
(5, 2, 4, 4)
()
('Current working directory is:', '/home/cgmaras/Python/CameronRL')
('Current working directory is:', '/home/cgmaras/Python/CameronRL')
Started input gen...
Finished input gen...
/home/cgmaras/Python/CameronRL
('The files contained in Queue are: ', ['new_core1.inp'])
Submitted batch job 2919074
starting output read
test
Starting output...
while after
['new_core1.out']


new_core1.out
 EFPD     Boron(ppm)     Fdh           Fq
  0.0     1348.8         2.035         2.765
 13.0     1336.5         2.549         3.874
 25.9     1395.2         2.974           4.3
 51.9     1359.1          2.54         3.081
103.7     1160.6         1.905         2.121
155.6      941.3         1.645         1.834
207.4      724.1         1.503         1.683
259.3      513.9         1.412         1.576
311.1      312.8         1.345         1.533
363.0      120.3         1.314         1.506
393.8       10.0         1.304          1.49
 
 
-------------------------- Fdh ---------------------------
[[ 2.974  2.895  1.928  1.392  1.09   1.19   0.954  0.675]
 [ 2.895  2.741  2.05   1.363  1.205  0.932  0.856  0.664]
 [ 1.928  2.044  1.57   1.401  1.007  0.994  0.921    nan]
 [ 1.392  1.362  1.4    1.021  1.022  1.058  0.788    nan]
 [ 1.09   1.204  1.007  1.022  0.783  0.84     nan    nan]
 [ 1.19   0.932  0.994  1.058  0.84     nan    nan    nan]
 [ 0.954  0.856  0.921  0.787    nan    nan    nan    nan]
 [ 0.675  0.664    nan    nan    nan    nan    nan    nan]]
 
 
[  0.      0.5     1.      2.      4.      6.      8.     10.     12.     14.
  15.188]
[   0.    13.    25.9   51.9  103.7  155.6  207.4  259.3  311.1  363.
  393.8]
[ 2.63   3.669  4.116  2.95   2.034  1.759  1.616  1.516  1.475  1.451
  1.436]
[ 2.765  3.874  4.3    3.081  2.121  1.834  1.683  1.576  1.533  1.506
  1.49 ]
[ 2.035  2.549  2.974  2.54   1.905  1.645  1.503  1.412  1.345  1.314
  1.304]
[ 1348.8  1336.5  1395.2  1359.1  1160.6   941.3   724.1   513.9   312.8
   120.3    10. ]
('Current working directory is:', '/home/cgmaras/Python/CameronRL')
('Current working directory is:', '/home/cgmaras/Python/CameronRL')
Started input gen...
Finished input gen...
/home/cgmaras/Python/CameronRL
('The files contained in Queue are: ', ['new_core1.inp'])
Submitted batch job 2919075
starting output read
test
Starting output...
while after
['new_core1.out']


new_core1.out
 EFPD     Boron(ppm)     Fdh           Fq
  0.0     1421.5         2.776         3.783
 13.0     1390.3           3.1         4.434
 25.9     1406.2           3.1         4.156
 51.9     1354.6          2.45         2.956
103.7     1159.0         1.833         2.039
155.6      940.8           1.6         1.764
207.4      724.0         1.474          1.64
259.3      514.0         1.392         1.561
311.2      313.0         1.332         1.535
363.0      120.5         1.315         1.507
393.9       10.0         1.305         1.491
 
 
-------------------------- Fdh ---------------------------
[[ 3.1    3.095  2.055  1.453  1.085  1.14   0.884  0.629]
 [ 3.095  2.989  2.207  1.408  1.211  0.89   0.811  0.624]
 [ 2.055  2.191  1.656  1.41   0.972  0.974  0.9      nan]
 [ 1.453  1.406  1.408  0.964  0.987  1.048  0.785    nan]
 [ 1.085  1.21   0.971  0.986  0.767  0.838    nan    nan]
 [ 1.14   0.89   0.973  1.048  0.838    nan    nan    nan]
 [ 0.884  0.811  0.9    0.785    nan    nan    nan    nan]
 [ 0.629  0.624    nan    nan    nan    nan    nan    nan]]
 
 
[  0.      0.5     1.      2.      4.      6.      8.     10.     12.     14.
  15.191]
[   0.    13.    25.9   51.9  103.7  155.6  207.4  259.3  311.2  363.
  393.9]
[ 3.611  4.225  3.979  2.829  1.955  1.691  1.574  1.5    1.477  1.452
  1.437]
[ 3.783  4.434  4.156  2.956  2.039  1.764  1.64   1.561  1.535  1.507
  1.491]
[ 2.776  3.1    3.1    2.45   1.833  1.6    1.474  1.392  1.332  1.315
  1.305]
[ 1421.5  1390.3  1406.2  1354.6  1159.    940.8   724.    514.    313.
   120.5    10. ]
New state: (6, 5, 6, 5) , New Reward: -4.20602316602
1
('Current working directory is:', '/home/cgmaras/Python/CameronRL')
('Current working directory is:', '/home/cgmaras/Python/CameronRL')
Started input gen...
Finished input gen...
/home/cgmaras/Python/CameronRL
('The files contained in Queue are: ', ['new_core1.inp'])
Submitted batch job 2919076
starting output read
test
Starting output...
while after
['new_core1.out']


new_core1.out
 EFPD     Boron(ppm)     Fdh           Fq
  0.0     1380.0         2.257         3.084
 13.0     1362.3         2.712         4.096
 25.9     1402.3         3.023         4.243
 51.9     1357.6         2.506         3.024
103.7     1159.9         1.876         2.089
155.6      941.1         1.628         1.807
207.4      724.0         1.493         1.667
259.3      513.9         1.405         1.567
311.1      312.9         1.341         1.534
363.0      120.4         1.314         1.507
393.9       10.0         1.304         1.491
 
 
-------------------------- Fdh ---------------------------
[[ 3.023  2.913  1.959  1.406  1.086  1.175  0.934  0.659]
 [ 2.913  2.826  2.095  1.376  1.203  0.919  0.839  0.649]
 [ 1.959  2.095  1.605  1.414  1.001  0.983  0.906    nan]
 [ 1.406  1.376  1.414  1.02   1.015  1.047  0.777    nan]
 [ 1.086  1.203  1.001  1.015  0.774  0.83     nan    nan]
 [ 1.175  0.919  0.983  1.047  0.83     nan    nan    nan]
 [ 0.934  0.839  0.906  0.777    nan    nan    nan    nan]
 [ 0.659  0.649    nan    nan    nan    nan    nan    nan]]
 
 
[  0.     0.5    1.     2.     4.     6.     8.    10.    12.    14.    15.19]
[   0.    13.    25.9   51.9  103.7  155.6  207.4  259.3  311.1  363.
  393.9]
[ 2.939  3.888  4.061  2.895  2.002  1.732  1.601  1.507  1.476  1.452
  1.437]
[ 3.084  4.096  4.243  3.024  2.089  1.807  1.667  1.567  1.534  1.507
  1.491]
[ 2.257  2.712  3.023  2.506  1.876  1.628  1.493  1.405  1.341  1.314
  1.304]
[ 1380.   1362.3  1402.3  1357.6  1159.9   941.1   724.    513.9   312.9
   120.4    10. ]
New state: (6, 6, 6, 5) , New Reward: -4.06304375804
2
('Current working directory is:', '/home/cgmaras/Python/CameronRL')
('Current working directory is:', '/home/cgmaras/Python/CameronRL')
Started input gen...
Finished input gen...
/home/cgmaras/Python/CameronRL
('The files contained in Queue are: ', ['new_core1.inp'])
Submitted batch job 2919077
starting output read
test
Starting output...
while after
['new_core1.out']


new_core1.out
 EFPD     Boron(ppm)     Fdh           Fq
  0.0     1401.1         2.733         3.734
 13.0     1378.2         3.128         4.465
 25.9     1404.4         3.114         4.184
 51.9     1355.7         2.467         2.968
103.7     1159.3         1.843          2.05
155.6      940.9         1.605         1.774
207.4      724.0         1.475         1.644
259.3      514.0         1.391         1.561
311.2      312.9         1.332         1.535
363.0      120.5         1.315         1.507
393.9       10.0         1.305         1.491
 
 
-------------------------- Fdh ---------------------------
[[ 3.128  2.908  1.967  1.426  1.089  1.16   0.907  0.648]
 [ 2.908  2.871  2.127  1.385  1.212  0.908  0.832  0.643]
 [ 1.967  2.127  1.619  1.393  0.982  0.994  0.924    nan]
 [ 1.426  1.385  1.393  0.971  1.004  1.071  0.806    nan]
 [ 1.089  1.212  0.982  1.004  0.784  0.858    nan    nan]
 [ 1.16   0.908  0.994  1.071  0.858    nan    nan    nan]
 [ 0.907  0.832  0.924  0.806    nan    nan    nan    nan]
 [ 0.648  0.643    nan    nan    nan    nan    nan    nan]]
 
 
[  0.     0.5    1.     2.     4.     6.     8.    10.    12.    14.    15.19]
[   0.    13.    25.9   51.9  103.7  155.6  207.4  259.3  311.2  363.
  393.9]
[ 3.547  4.272  4.015  2.847  1.971  1.702  1.581  1.499  1.477  1.452
  1.437]
[ 3.734  4.465  4.184  2.968  2.05   1.774  1.644  1.561  1.535  1.507
  1.491]
[ 2.733  3.128  3.114  2.467  1.843  1.605  1.475  1.391  1.332  1.315
  1.305]
[ 1401.1  1378.2  1404.4  1355.7  1159.3   940.9   724.    514.    312.9
   120.5    10. ]
New state: (5, 6, 6, 5) , New Reward: -4.2397039897
3
('Current working directory is:', '/home/cgmaras/Python/CameronRL')
('Current working directory is:', '/home/cgmaras/Python/CameronRL')
Started input gen...
Finished input gen...
/home/cgmaras/Python/CameronRL
('The files contained in Queue are: ', ['new_core1.inp'])
Submitted batch job 2919078
starting output read
test
Starting output...
while after
['new_core1.out']


new_core1.out
 EFPD     Boron(ppm)     Fdh           Fq
  0.0     1392.1          2.62         3.568
 13.0     1345.9         2.711         3.789
 25.9     1364.6         2.597         3.515
 51.9     1328.0         2.133         2.609
103.7     1138.6         1.699         1.906
155.6      921.9         1.528         1.709
207.4      706.3         1.434         1.617
259.3      497.4          1.37         1.555
311.2      297.3         1.331         1.529
363.0      105.7         1.313         1.503
389.8       10.0         1.304         1.489
 
 
-------------------------- Fdh ---------------------------
[[ 2.711  2.538  1.798  1.357  1.102  1.215  0.974  0.704]
 [ 2.538  2.554  1.939  1.33   1.22   0.958  0.894  0.698]
 [ 1.798  1.948  1.517  1.351  1.014  1.053  0.992    nan]
 [ 1.357  1.333  1.353  0.99   1.054  1.139  0.866    nan]
 [ 1.102  1.221  1.015  1.055  0.836  0.919    nan    nan]
 [ 1.215  0.959  1.054  1.139  0.919    nan    nan    nan]
 [ 0.974  0.894  0.992  0.866    nan    nan    nan    nan]
 [ 0.704  0.698    nan    nan    nan    nan    nan    nan]]
 
 
[  0.      0.5     1.      2.      4.      6.      8.     10.     12.     14.
  15.034]
[   0.    13.    25.9   51.9  103.7  155.6  207.4  259.3  311.2  363.
  389.8]
[ 3.442  3.656  3.391  2.513  1.837  1.645  1.556  1.497  1.474  1.449
  1.435]
[ 3.568  3.789  3.515  2.609  1.906  1.709  1.617  1.555  1.529  1.503
  1.489]
[ 2.62   2.711  2.597  2.133  1.699  1.528  1.434  1.37   1.331  1.313
  1.304]
[ 1392.1  1345.9  1364.6  1328.   1138.6   921.9   706.3   497.4   297.3
   105.7    10. ]
New state: (5, 2, 6, 5) , New Reward: -3.63604247104
4
('Current working directory is:', '/home/cgmaras/Python/CameronRL')
('Current working directory is:', '/home/cgmaras/Python/CameronRL')
Started input gen...
Finished input gen...
/home/cgmaras/Python/CameronRL
('The files contained in Queue are: ', ['new_core1.inp'])
Submitted batch job 2919079
starting output read
test
Starting output...
while after
['new_core1.out']


new_core1.out
 EFPD     Boron(ppm)     Fdh           Fq
  0.0     1378.1         2.297         3.105
 13.0     1331.3         2.358         3.277
 25.9     1353.3         2.309         3.172
 51.9     1320.8         1.964         2.427
103.7     1132.8         1.614          1.83
155.6      916.8         1.479         1.669
207.4      701.2         1.404         1.592
259.3      492.5         1.353         1.553
311.2      292.7          1.33         1.528
363.0      101.3         1.313         1.502
388.6       10.0         1.304         1.489
 
 
-------------------------- Fdh ---------------------------
[[ 2.207  2.33   1.706  1.328  1.112  1.244  1.007  0.731]
 [ 2.33   2.358  1.854  1.307  1.229  0.984  0.925  0.725]
 [ 1.706  1.862  1.472  1.333  1.031  1.083  1.026    nan]
 [ 1.328  1.31   1.335  1.     1.079  1.172  0.895    nan]
 [ 1.112  1.23   1.032  1.08   0.862  0.949    nan    nan]
 [ 1.244  0.984  1.083  1.172  0.949    nan    nan    nan]
 [ 1.007  0.925  1.026  0.895    nan    nan    nan    nan]
 [ 0.731  0.725    nan    nan    nan    nan    nan    nan]]
 
 
[  0.      0.5     1.      2.      4.      6.      8.     10.     12.     14.
  14.986]
[   0.    13.    25.9   51.9  103.7  155.6  207.4  259.3  311.2  363.
  388.6]
[ 2.981  3.149  3.043  2.353  1.77   1.609  1.531  1.496  1.472  1.448
  1.435]
[ 3.105  3.277  3.172  2.427  1.83   1.669  1.592  1.553  1.528  1.502
  1.489]
[ 2.297  2.358  2.309  1.964  1.614  1.479  1.404  1.353  1.33   1.313
  1.304]
[ 1378.1  1331.3  1353.3  1320.8  1132.8   916.8   701.2   492.5   292.7
   101.3    10. ]
New state: (3, 2, 6, 5) , New Reward: -3.15371943372
5
4
Best State
(5, 2, 4, 4)
()
('Current working directory is:', '/home/cgmaras/Python/CameronRL')
('Current working directory is:', '/home/cgmaras/Python/CameronRL')
Started input gen...
Finished input gen...
/home/cgmaras/Python/CameronRL
('The files contained in Queue are: ', ['new_core1.inp'])
Submitted batch job 2919080
starting output read
test
Starting output...
while after
['new_core1.out']


new_core1.out
 EFPD     Boron(ppm)     Fdh           Fq
  0.0     1348.8         2.035         2.765
 13.0     1336.5         2.549         3.874
 25.9     1395.2         2.974           4.3
 51.9     1359.1          2.54         3.081
103.7     1160.6         1.905         2.121
155.6      941.3         1.645         1.834
207.4      724.1         1.503         1.683
259.3      513.9         1.412         1.576
311.1      312.8         1.345         1.533
363.0      120.3         1.314         1.506
393.8       10.0         1.304          1.49
 
 
-------------------------- Fdh ---------------------------
[[ 2.974  2.895  1.928  1.392  1.09   1.19   0.954  0.675]
 [ 2.895  2.741  2.05   1.363  1.205  0.932  0.856  0.664]
 [ 1.928  2.044  1.57   1.401  1.007  0.994  0.921    nan]
 [ 1.392  1.362  1.4    1.021  1.022  1.058  0.788    nan]
 [ 1.09   1.204  1.007  1.022  0.783  0.84     nan    nan]
 [ 1.19   0.932  0.994  1.058  0.84     nan    nan    nan]
 [ 0.954  0.856  0.921  0.787    nan    nan    nan    nan]
 [ 0.675  0.664    nan    nan    nan    nan    nan    nan]]
 
 
[  0.      0.5     1.      2.      4.      6.      8.     10.     12.     14.
  15.188]
[   0.    13.    25.9   51.9  103.7  155.6  207.4  259.3  311.1  363.
  393.8]
[ 2.63   3.669  4.116  2.95   2.034  1.759  1.616  1.516  1.475  1.451
  1.436]
[ 2.765  3.874  4.3    3.081  2.121  1.834  1.683  1.576  1.533  1.506
  1.49 ]
[ 2.035  2.549  2.974  2.54   1.905  1.645  1.503  1.412  1.345  1.314
  1.304]
[ 1348.8  1336.5  1395.2  1359.1  1160.6   941.3   724.1   513.9   312.8
   120.3    10. ]
('Current working directory is:', '/home/cgmaras/Python/CameronRL')
('Current working directory is:', '/home/cgmaras/Python/CameronRL')
Started input gen...
Finished input gen...
/home/cgmaras/Python/CameronRL
('The files contained in Queue are: ', ['new_core1.inp'])
Submitted batch job 2919081
starting output read
test
Starting output...
while after
['new_core1.out']


new_core1.out
 EFPD     Boron(ppm)     Fdh           Fq
  0.0     1344.7         2.015         2.734
 13.0     1319.9         2.336         3.374
 25.9     1370.9          2.56         3.664
 51.9     1343.0         2.231         2.762
103.7     1149.7         1.766         1.987
155.6      931.4         1.563         1.759
207.4      714.9         1.453         1.643
259.3      505.3         1.382         1.561
311.1      304.7         1.329         1.529
363.0      112.6         1.312         1.503
391.7       10.0         1.303         1.488
 
 
-------------------------- Fdh ---------------------------
[[ 2.152  2.56   1.785  1.346  1.104  1.237  1.011  0.722]
 [ 2.56   2.439  1.912  1.327  1.218  0.974  0.907  0.71 ]
 [ 1.785  1.907  1.498  1.374  1.033  1.039  0.973    nan]
 [ 1.346  1.326  1.373  1.038  1.057  1.108  0.832    nan]
 [ 1.104  1.218  1.033  1.057  0.821  0.884    nan    nan]
 [ 1.237  0.974  1.039  1.108  0.884    nan    nan    nan]
 [ 1.011  0.907  0.973  0.832    nan    nan    nan    nan]
 [ 0.722  0.71     nan    nan    nan    nan    nan    nan]]
 
 
[  0.      0.5     1.      2.      4.      6.      8.     10.     12.     14.
  15.107]
[   0.    13.    25.9   51.9  103.7  155.6  207.4  259.3  311.1  363.
  391.7]
[ 2.592  3.22   3.505  2.645  1.905  1.688  1.577  1.497  1.472  1.449
  1.435]
[ 2.734  3.374  3.664  2.762  1.987  1.759  1.643  1.561  1.529  1.503
  1.488]
[ 2.015  2.336  2.56   2.231  1.766  1.563  1.453  1.382  1.329  1.312
  1.303]
[ 1344.7  1319.9  1370.9  1343.   1149.7   931.4   714.9   505.3   304.7
   112.6    10. ]
New state: (2, 5, 6, 6) , New Reward: -3.47449163449
1
('Current working directory is:', '/home/cgmaras/Python/CameronRL')
('Current working directory is:', '/home/cgmaras/Python/CameronRL')
Started input gen...
Finished input gen...
/home/cgmaras/Python/CameronRL
('The files contained in Queue are: ', ['new_core1.inp'])
Submitted batch job 2919082
starting output read
test
Starting output...
while after
['new_core1.out']


new_core1.out
 EFPD     Boron(ppm)     Fdh           Fq
  0.0     1338.1         1.841         2.498
 13.0     1318.8         2.275         3.373
 25.9     1380.4         2.665          3.91
 51.9     1351.0         2.347         2.904
103.7     1155.0         1.826         2.047
155.6      936.0         1.598         1.797
207.4      719.0         1.473         1.662
259.3      509.0         1.393         1.567
311.1      308.2         1.334         1.531
363.0      115.9         1.313         1.504
392.6       10.0         1.303         1.489
 
 
-------------------------- Fdh ---------------------------
[[ 2.458  2.665  1.836  1.363  1.099  1.221  0.992  0.706]
 [ 2.665  2.538  1.96   1.34   1.213  0.959  0.89   0.694]
 [ 1.836  1.955  1.522  1.384  1.024  1.023  0.954    nan]
 [ 1.363  1.339  1.383  1.032  1.045  1.09   0.816    nan]
 [ 1.099  1.213  1.023  1.044  0.807  0.867    nan    nan]
 [ 1.221  0.959  1.023  1.09   0.867    nan    nan    nan]
 [ 0.992  0.889  0.954  0.816    nan    nan    nan    nan]
 [ 0.706  0.694    nan    nan    nan    nan    nan    nan]]
 
 
[  0.      0.5     1.      2.      4.      6.      8.     10.     12.     14.
  15.142]
[   0.    13.    25.9   51.9  103.7  155.6  207.4  259.3  311.1  363.
  392.6]
[ 2.4    3.223  3.735  2.769  1.955  1.718  1.593  1.504  1.474  1.45
  1.435]
[ 2.498  3.373  3.91   2.904  2.047  1.797  1.662  1.567  1.531  1.504
  1.489]
[ 1.841  2.275  2.665  2.347  1.826  1.598  1.473  1.393  1.334  1.313
  1.303]
[ 1338.1  1318.8  1380.4  1351.   1155.    936.    719.    509.    308.2
   115.9    10. ]
New state: (4, 5, 6, 6) , New Reward: -3.66258043758
2
('Current working directory is:', '/home/cgmaras/Python/CameronRL')
('Current working directory is:', '/home/cgmaras/Python/CameronRL')
Started input gen...
Finished input gen...
/home/cgmaras/Python/CameronRL
('The files contained in Queue are: ', ['new_core1.inp'])
Submitted batch job 2919083
starting output read
test
Starting output...
while after
['new_core1.out']


new_core1.out
 EFPD     Boron(ppm)     Fdh           Fq
  0.0     1313.6         1.472         2.022
 13.0     1288.9         1.774         2.655
 25.9     1366.5         2.441         3.821
 51.9     1353.2         2.387          3.05
103.7     1156.4          1.88         2.145
155.6      936.5         1.632         1.858
207.4      719.2         1.496           1.7
259.3      509.1         1.408          1.59
311.1      308.1         1.345         1.529
363.0      115.8         1.311         1.504
392.6       10.0         1.302         1.489
 
 
-------------------------- Fdh ---------------------------
[[ 2.274  2.441  1.742  1.333  1.107  1.25   1.029  0.737]
 [ 2.441  2.357  1.873  1.316  1.22   0.985  0.922  0.723]
 [ 1.742  1.873  1.479  1.365  1.038  1.048  0.985    nan]
 [ 1.333  1.316  1.365  1.041  1.064  1.116  0.839    nan]
 [ 1.107  1.22   1.038  1.064  0.827  0.89     nan    nan]
 [ 1.25   0.985  1.048  1.116  0.89     nan    nan    nan]
 [ 1.029  0.922  0.985  0.839    nan    nan    nan    nan]
 [ 0.737  0.723    nan    nan    nan    nan    nan    nan]]
 
 
[  0.      0.5     1.      2.      4.      6.      8.     10.     12.     14.
  15.141]
[   0.    13.    25.9   51.9  103.7  155.6  207.4  259.3  311.1  363.
  392.6]
[ 1.819  2.505  3.644  2.906  2.047  1.776  1.628  1.526  1.472  1.449
  1.435]
[ 2.022  2.655  3.821  3.05   2.145  1.858  1.7    1.59   1.529  1.504
  1.489]
[ 1.472  1.774  2.441  2.387  1.88   1.632  1.496  1.408  1.345  1.311
  1.302]
[ 1313.6  1288.9  1366.5  1353.2  1156.4   936.5   719.2   509.1   308.1
   115.8    10. ]
New state: (4, 6, 6, 6) , New Reward: -3.46884813385
3
('Current working directory is:', '/home/cgmaras/Python/CameronRL')
('Current working directory is:', '/home/cgmaras/Python/CameronRL')
Started input gen...
Finished input gen...
/home/cgmaras/Python/CameronRL
('The files contained in Queue are: ', ['new_core1.inp'])
Submitted batch job 2919084
starting output read
test
Starting output...
while after
['new_core1.out']


new_core1.out
 EFPD     Boron(ppm)     Fdh           Fq
  0.0     1368.0         2.095         2.853
 13.0     1344.0         2.446         3.592
 25.9     1388.0         2.691         3.869
 51.9     1349.8         2.316         2.834
103.7     1154.3         1.796         1.999
155.6      935.7         1.579         1.764
207.4      718.9         1.461         1.644
259.3      509.1         1.385         1.557
311.1      308.2          1.33         1.532
363.0      116.0         1.314         1.505
392.7       10.0         1.304          1.49
 
 
-------------------------- Fdh ---------------------------
[[ 2.513  2.691  1.874  1.379  1.095  1.204  0.969  0.688]
 [ 2.691  2.645  2.013  1.355  1.21   0.945  0.871  0.677]
 [ 1.874  2.013  1.563  1.399  1.017  1.009  0.937    nan]
 [ 1.379  1.355  1.399  1.031  1.036  1.076  0.803    nan]
 [ 1.095  1.21   1.017  1.036  0.797  0.856    nan    nan]
 [ 1.204  0.945  1.009  1.076  0.856    nan    nan    nan]
 [ 0.969  0.871  0.937  0.803    nan    nan    nan    nan]
 [ 0.688  0.677    nan    nan    nan    nan    nan    nan]]
 
 
[  0.      0.5     1.      2.      4.      6.      8.     10.     12.     14.
  15.143]
[   0.    13.    25.9   51.9  103.7  155.6  207.4  259.3  311.1  363.
  392.7]
[ 2.722  3.424  3.688  2.702  1.912  1.687  1.575  1.497  1.475  1.45
  1.436]
[ 2.853  3.592  3.869  2.834  1.999  1.764  1.644  1.557  1.532  1.505
  1.49 ]
[ 2.095  2.446  2.691  2.316  1.796  1.579  1.461  1.385  1.33   1.314
  1.304]
[ 1368.   1344.   1388.   1349.8  1154.3   935.7   718.9   509.1   308.2
   116.     10. ]
New state: (4, 6, 6, 5) , New Reward: -3.66062419562
4
('Current working directory is:', '/home/cgmaras/Python/CameronRL')
('Current working directory is:', '/home/cgmaras/Python/CameronRL')
Started input gen...
Finished input gen...
/home/cgmaras/Python/CameronRL
('The files contained in Queue are: ', ['new_core1.inp'])
Submitted batch job 2919085
starting output read
test
Starting output...
while after
['new_core1.out']


new_core1.out
 EFPD     Boron(ppm)     Fdh           Fq
  0.0     1405.3         2.542         3.473
 13.0     1372.5         2.835         4.063
 25.9     1393.1          2.81         3.807
 51.9     1347.3         2.271         2.754
103.7     1153.4         1.754         1.952
155.6      935.4         1.552         1.721
207.4      718.9         1.443         1.616
259.3      509.1         1.372         1.559
311.2      308.3         1.332         1.533
363.0      116.2         1.314         1.506
392.7       10.0         1.304          1.49
 
 
-------------------------- Fdh ---------------------------
[[ 2.533  2.835  1.955  1.42   1.095  1.172  0.921  0.659]
 [ 2.835  2.775  2.108  1.382  1.218  0.919  0.845  0.654]
 [ 1.955  2.095  1.603  1.391  0.991  1.007  0.938    nan]
 [ 1.42   1.38   1.39   0.977  1.015  1.086  0.818    nan]
 [ 1.095  1.218  0.99   1.015  0.795  0.871    nan    nan]
 [ 1.172  0.919  1.006  1.085  0.871    nan    nan    nan]
 [ 0.921  0.845  0.938  0.818    nan    nan    nan    nan]
 [ 0.659  0.654    nan    nan    nan    nan    nan    nan]]
 
 
[  0.      0.5     1.      2.      4.      6.      8.     10.     12.     14.
  15.145]
[   0.    13.    25.9   51.9  103.7  155.6  207.4  259.3  311.2  363.
  392.7]
[ 3.321  3.888  3.637  2.632  1.868  1.647  1.549  1.498  1.475  1.451
  1.436]
[ 3.473  4.063  3.807  2.754  1.952  1.721  1.616  1.559  1.533  1.506
  1.49 ]
[ 2.542  2.835  2.81   2.271  1.754  1.552  1.443  1.372  1.332  1.314
  1.304]
[ 1405.3  1372.5  1393.1  1347.3  1153.4   935.4   718.9   509.1   308.3
   116.2    10. ]
New state: (4, 5, 6, 5) , New Reward: -3.8503024453
5
5
Best State
(5, 2, 4, 4)
()
RL Optimized: 
 Reward --> mean: -2.44073359073 , standard deviation: 0.0
